 ---------------------------------------------------------------
 Vortex Lattice Output -- Total Forces

 Configuration: Plane Vanilla                                               
     # Surfaces =   5
     # Strips   =  41
     # Vortices = 294

  Sref = 0.30774       Cref = 0.22860       Bref =  1.3462    
  Xref = 0.50000       Yref =  0.0000       Zref =  0.0000    

 Standard axis orientation,  X fwd, Z down         

 Run case:  -unnamed-                              

  Alpha =   9.00000     pb/2V =  -0.00000     p'b/2V =  -0.00000
  Beta  =   0.00000     qc/2V =   0.00000
  Mach  =     0.000     rb/2V =  -0.00000     r'b/2V =  -0.00000

  CXtot =   0.11063     Cltot =   0.00000     Cl'tot =   0.00000
  CYtot =   0.00000     Cmtot =   2.59324
  CZtot =  -1.45013     Cntot =   0.00000     Cn'tot =   0.00000

  CLtot =   1.44958
  CDtot =   0.11759
  CDvis =   0.00000     CDind =   0.11759
  CLff  =   1.46821     CDff  =   0.11715    | Trefftz
  CYff  =  -0.00000         e =    0.9946    | Plane  

   flap            =   0.00000
   aileron         =   0.00000
   elevator        =   0.00000
   rudder          =   0.00000

 ---------------------------------------------------------------
