 ---------------------------------------------------------------
 Vortex Lattice Output -- Total Forces

 Configuration: Plane Vanilla                                               
     # Surfaces =   5
     # Strips   =  41
     # Vortices = 294

  Sref = 0.30774       Cref = 0.22860       Bref =  1.3462    
  Xref = 0.50000       Yref =  0.0000       Zref =  0.0000    

 Standard axis orientation,  X fwd, Z down         

 Run case:  -unnamed-                              

  Alpha =   5.00000     pb/2V =  -0.00000     p'b/2V =  -0.00000
  Beta  =   0.00000     qc/2V =   0.00000
  Mach  =     0.000     rb/2V =  -0.00000     r'b/2V =  -0.00000

  CXtot =   0.02576     Cltot =   0.00000     Cl'tot =   0.00000
  CYtot =   0.00000     Cmtot =   2.06356
  CZtot =  -1.15136     Cntot =   0.00000     Cn'tot =   0.00000

  CLtot =   1.14923
  CDtot =   0.07469
  CDvis =   0.00000     CDind =   0.07469
  CLff  =   1.15576     CDff  =   0.07813    | Trefftz
  CYff  =  -0.00000         e =    0.9242    | Plane  

   flap            =   0.00000
   aileron         =   0.00000
   elevator        =   0.00000
   rudder          =   0.00000

 ---------------------------------------------------------------
